sillyatl 1
cat 26
fall1 402 2 13 20 9 8 32 32 0
fall2 419 2 13 20 9 8 32 32 0
fall3 436 2 13 20 9 8 32 32 0
fall4 453 2 13 20 9 8 32 32 0
idle1 182 2 15 19 7 9 32 32 0
idle2 201 2 15 19 7 9 32 32 0
idle3 220 2 15 19 7 9 32 32 0
idle4 239 2 15 19 7 9 32 32 0
idle5 258 2 15 19 7 9 32 32 0
idle6 277 2 15 19 7 9 32 32 0
idle7 296 2 15 19 7 9 32 32 0
idle8 315 2 16 19 6 9 32 32 0
jump1 335 2 13 19 8 10 32 32 0
jump2 352 2 13 19 8 10 32 32 0
jump3 369 2 12 19 9 10 32 32 0
jump4 385 2 13 19 8 10 32 32 0
run1 138 2 18 16 7 12 32 32 0
run2 25 2 19 15 7 12 32 32 0
run3 48 2 18 15 8 13 32 32 0
run4 70 2 18 15 7 13 32 32 0
run5 92 2 19 15 6 13 32 32 0
run6 160 2 18 16 7 12 32 32 0
run7 115 2 19 15 7 12 32 32 0
run8 48 2 18 15 8 13 32 32 0
run9 70 2 18 15 7 13 32 32 0
run10 2 2 19 15 5 13 32 32 0