sillyatl 1
player 206
Crawl01 87 421 17 25 41 59 96 84 0
Crawl02 2 464 17 23 41 61 96 84 0
Crawl03 192 334 18 26 41 58 96 84 0
Crawl04 192 364 18 26 41 58 96 84 0
Crawl05 2 435 17 25 41 59 96 84 0
Crawl06 63 460 18 23 41 61 96 84 0
Crawl07 192 394 18 26 41 58 96 84 0
Crawl08 87 391 18 26 41 58 96 84 0
Crouch01 178 257 15 25 41 59 96 84 0
Crouch02 44 434 15 24 41 60 96 84 0
Crouch03 44 462 15 23 41 61 96 84 0
Crouch04 108 421 15 23 41 61 96 84 0
Crouch05 63 432 15 24 41 60 96 84 0
Crouch06 294 153 15 25 41 59 96 84 0
CrouchDustBack01 151 93 2 1 41 83 96 84 0
CrouchDustBack02 192 328 5 2 36 82 96 84 0
CrouchDustBack03 269 88 4 3 35 81 96 84 0
CrouchDustBack04 235 30 3 2 35 80 96 84 0
CrouchDustBack05 235 36 2 2 35 80 96 84 0
CrouchDustBack06 2 2 96 84 0 0 96 84 0
CrouchDustBack07 2 2 96 84 0 0 96 84 0
CrouchDustBack08 2 2 96 84 0 0 96 84 0
Dash01 28 178 14 40 41 44 96 84 0
Dash02 240 249 25 33 35 51 96 84 0
Dash03 143 176 31 29 34 55 96 84 0
Dash04 176 129 30 30 34 54 96 84 0
Dash05 243 47 30 30 34 54 96 84 0
Dash06 139 252 26 35 27 49 96 84 0
Dash07 91 350 23 36 31 48 96 84 0
Dash08 62 308 21 38 36 46 96 84 0
Dash09 28 178 14 40 41 44 96 84 0
DashDust01 109 390 17 17 12 67 96 84 0
DashDust02 263 201 22 19 8 65 96 84 0
DashDust03 256 114 27 20 6 64 96 84 0
DashDust04 234 166 28 19 5 65 96 84 0
DashDust05 242 25 31 18 3 66 96 84 0
DashDust06 254 2 31 15 3 69 96 84 0
DashDust07 121 42 31 7 3 77 96 84 0
DoubleJump01 137 122 29 8 34 67 96 84 0
DoubleJump02 122 81 31 8 32 67 96 84 0
DoubleJump03 161 30 34 8 30 67 96 84 0
DoubleJump04 121 30 36 8 29 68 96 84 0
DoubleJump05 156 42 26 4 39 70 96 84 0
FrontFlip01 316 2 23 31 38 53 96 84 0
FrontFlip02 289 201 21 24 38 60 96 84 0
FrontFlip03 230 289 18 30 41 54 96 84 0
FrontFlip04 102 2 15 47 43 37 96 84 0
FrontFlip05 2 90 22 40 40 39 96 84 0
FrontFlip06 343 2 20 25 42 44 96 84 0
FrontFlip07 313 127 21 17 41 45 96 84 0
FrontFlip08 234 189 25 17 37 47 96 84 0
FrontFlip09 23 434 17 24 42 43 96 84 0
FrontFlip10 287 127 22 22 40 43 96 84 0
FrontFlip11 293 104 24 19 40 45 96 84 0
FrontFlip12 23 462 17 23 43 45 96 84 0
FrontFlip13 238 323 17 27 43 46 96 84 0
FrontFlip14 169 328 19 33 40 47 96 84 0
Idle01 28 178 14 40 41 44 96 84 0
Idle02 2 266 14 39 41 45 96 84 0
Idle03 160 209 14 38 41 46 96 84 0
Idle04 42 351 15 38 41 46 96 84 0
Idle05 140 209 16 39 41 45 96 84 0
Idle06 96 251 15 39 41 45 96 84 0
Idle07 46 178 14 40 41 44 96 84 0
Jump01 20 222 22 39 38 44 96 84 0
Jump02 309 67 22 30 38 46 96 84 0
Jump03 169 289 21 35 38 48 96 84 0
JumpDust01 277 83 21 7 36 77 96 84 0
JumpDust02 229 116 23 7 35 76 96 84 0
JumpDust03 176 163 24 7 34 76 96 84 0
JumpDust04 200 119 25 5 33 76 96 84 0
JumpDust05 92 294 24 6 34 76 96 84 0
JumpDust06 289 10 22 5 35 77 96 84 0
JumpDust07 243 88 22 3 35 78 96 84 0
Land01 313 148 19 31 42 53 96 84 0
Land02 178 215 16 38 41 46 96 84 0
LandingDust01 210 166 20 4 37 80 96 84 0
LandingDust02 289 2 23 4 36 80 96 84 0
LandingDust03 243 81 25 3 35 79 96 84 0
LandingDust04 170 122 26 3 34 79 96 84 0
LandingDust05 207 89 26 2 34 78 96 84 0
LandingDust06 122 93 25 1 34 78 96 84 0
LedgeClimb01 28 90 22 40 35 43 96 84 0
LedgeClimb02 42 394 15 36 42 42 96 84 0
LedgeClimb03 266 165 24 32 43 24 96 84 0
LedgeClimb04 335 67 20 31 49 17 96 84 0
LedgeClimb05 343 31 19 32 52 14 96 84 0
LedgeClimb06 140 291 15 33 55 11 96 84 0
LedgeClimb07 2 352 16 38 55 6 96 84 0
LedgeClimb08 64 178 14 40 55 4 96 84 0
LedgeGrab01 208 293 18 34 39 36 96 84 0
LedgeGrab02 118 350 15 36 42 43 96 84 0
LedgeGrab03 102 53 16 41 41 43 96 84 0
LedgeGrab04 111 304 18 38 39 43 96 84 0
LedgeGrab05 46 222 21 39 36 43 96 84 0
LedgeHang01 54 90 22 40 35 43 96 84 0
LedgeHang02 2 134 22 40 35 43 96 84 0
LedgeHang03 28 134 22 40 35 43 96 84 0
LedgeHang04 54 134 22 40 35 43 96 84 0
LedgeHang05 99 163 22 40 35 43 96 84 0
LedgeHang06 2 178 22 40 35 43 96 84 0
LedgeHangDust01 235 42 2 1 57 43 96 84 0
LedgeHangDust02 194 290 4 2 59 42 96 84 0
LedgeHangDust03 228 263 4 3 61 41 96 84 0
LedgeHangDust04 226 25 4 1 66 42 96 84 0
LedgeHangDust05 170 129 2 1 68 42 96 84 0
LedgeHangDust06 272 81 1 1 69 42 96 84 0
LookUp01 125 163 14 40 41 44 96 84 0
LookUp02 98 207 14 40 41 44 96 84 0
LookUp03 2 222 14 40 41 44 96 84 0
Roll01 137 98 35 20 30 62 96 84 0
Roll02 247 95 28 15 33 69 96 84 0
Roll03 133 328 22 18 37 66 96 84 0
Roll04 321 102 19 20 38 64 96 84 0
Roll05 269 282 19 20 38 64 96 84 0
Roll06 263 224 22 17 35 67 96 84 0
Roll07 252 138 26 17 33 67 96 84 0
Roll08 277 59 28 20 31 64 96 84 0
Roll09 316 37 23 26 33 58 96 84 0
Roll10 22 351 16 38 41 46 96 84 0
RollDust01 213 95 30 17 12 67 96 84 0
RollDust02 217 2 33 19 8 65 96 84 0
RollDust03 170 50 34 20 6 64 96 84 0
RollDust04 170 74 33 19 5 65 96 84 0
RollDust05 176 97 33 18 3 66 96 84 0
RollDust06 199 30 32 15 3 69 96 84 0
RollDust07 121 42 31 7 3 77 96 84 0
Run01 61 391 22 37 34 47 96 84 0
Run02 208 254 16 35 38 49 96 84 0
Run03 147 134 25 38 34 46 96 84 0
Run04 210 128 29 34 32 46 96 84 0
Run05 178 174 29 37 32 47 96 84 0
Run06 240 210 19 35 39 49 96 84 0
Run07 36 308 22 38 35 46 96 84 0
Run08 210 216 26 34 33 46 96 84 0
RunDustBack01 264 159 7 2 52 82 96 84 0
RunDustBack02 228 283 6 2 53 81 96 84 0
RunDustBack03 217 25 5 1 53 81 96 84 0
RunDustBack04 120 294 8 5 30 79 96 84 0
RunDustBack05 294 94 8 5 29 79 96 84 0
RunDustBack06 282 153 8 5 28 78 96 84 0
RunDustBack07 186 42 8 4 27 79 96 84 0
RunDustBack08 204 168 1 1 27 82 96 84 0
RunDustFront01 279 104 10 6 32 78 96 84 0
RunDustFront02 157 81 8 6 32 78 96 84 0
RunDustFront03 228 254 7 5 32 78 96 84 0
RunDustFront04 234 210 1 1 32 78 96 84 0
RunDustFront05 252 159 8 2 52 82 96 84 0
RunDustFront06 157 91 8 3 52 81 96 84 0
RunDustFront07 228 277 7 2 53 81 96 84 0
RunDustFront08 279 94 11 6 33 78 96 84 0
RunToIdle01 139 252 26 35 27 49 96 84 0
RunToIdle02 91 350 23 36 31 48 96 84 0
RunToIdle03 62 308 21 38 36 46 96 84 0
Slide01 121 2 44 24 28 60 96 84 0
Slide02 122 53 44 24 28 60 96 84 0
Slide03 99 136 44 23 28 61 96 84 0
Slide04 169 2 44 24 28 60 96 84 0
SlideDust01 237 89 2 1 40 83 96 84 0
SlideDust02 194 296 4 2 37 82 96 84 0
SlideDust03 228 270 4 3 36 81 96 84 0
SlideDust04 234 25 4 1 34 82 96 84 0
SlideDust05 204 163 2 1 34 82 96 84 0
SlideDust06 287 114 1 1 34 82 96 84 0
Sprint01 208 49 31 36 27 46 96 84 0
Sprint02 269 245 17 33 40 51 96 84 0
Sprint03 13 394 25 36 36 48 96 84 0
Sprint04 99 98 34 34 27 46 96 84 0
Sprint05 277 21 28 34 33 50 96 84 0
Sprint06 61 350 26 37 35 47 96 84 0
Walk01 82 178 12 39 41 45 96 84 0
Walk02 80 90 15 40 41 44 96 84 0
Walk03 71 222 21 39 37 45 96 84 0
Walk04 87 308 20 38 36 46 96 84 0
Walk05 20 308 12 39 41 45 96 84 0
Walk06 80 134 15 40 41 44 96 84 0
Walk07 116 207 20 39 38 45 96 84 0
Walk08 211 174 19 38 37 46 96 84 0
WallJump01 102 2 15 47 43 37 96 84 0
WallJump02 2 90 22 40 40 39 96 84 0
WallJump03 343 2 20 25 42 44 96 84 0
WallJump04 313 127 21 17 41 45 96 84 0
WallJump05 234 189 25 17 37 47 96 84 0
WallJump06 23 434 17 24 42 43 96 84 0
WallJump07 287 127 22 22 40 43 96 84 0
WallJump08 293 104 24 19 40 45 96 84 0
WallJump09 23 462 17 23 43 45 96 84 0
WallJump10 238 323 17 27 43 46 96 84 0
WallJump11 169 328 19 33 40 47 96 84 0
WallJumpDust01 2 394 7 37 36 42 96 84 0
WallJumpDust02 137 350 7 36 37 41 96 84 0
WallJumpDust03 198 215 8 34 38 41 96 84 0
WallJumpDust04 169 251 5 34 41 41 96 84 0
WallJumpDust05 133 292 3 32 43 42 96 84 0
WallSlide01 20 265 14 39 40 43 96 84 0
WallSlide02 38 265 14 39 40 43 96 84 0
WallSlide03 56 265 14 39 40 43 96 84 0
WallSlide04 74 265 14 39 40 43 96 84 0
WallSlide05 115 251 14 39 40 43 96 84 0
WallSlide06 2 309 14 39 40 43 96 84 0
WallSlideDust01 133 250 2 38 52 39 96 84 0
WallSlideDust02 160 333 4 38 50 38 96 84 0
WallSlideDust03 160 291 5 38 49 37 96 84 0
WallSlideDust04 148 350 4 36 50 37 96 84 0
WallSlideDust05 243 127 5 32 49 39 96 84 0
WallSlideDust06 198 253 6 33 48 38 96 84 0